197910 197930 197951 198398
198561 198578 198694 199460
240788 240846 241069 242210
244275 244303 244341 244715
245356 245363 245371 245647
269898 269908 269986 270034
301145 301215 301275 301448
312113 312218 312263 312740
312837 312852 312897 313372
383217 383233 383236 383325
396526 396604 396717 396919
414819 414918 415119 415441
415803 415808 415814 416118
425498 425507 425779 427163
427827 427871 427871 427993
429463 429504 429506 429549
433580 433614 433614 433618
442774 442815 442944 443819
444022 444071 444071 444223
459256 459258 459445 460801
463659 463753 464340 465024
481976 482007 482178 482404
499195 499339 499602 499686
500458 500472 500569 501902
502544 502580 502985 503551
504063 504069 504151 504782
504795 504803 504872 505555
507654 507672 507673 507680
510371 510424 510498 510784
521611 521626 521644 522060
537250 537381 537391 537484
538987 539000 539134 540299
550302 550333 550711 554194
558415 558440 558440 558778
562150 562163 562539 564048
566372 566514 566544 566797
567385 567430 567773 569057
576966 576975 577063 580111
581424 581464 581514 583391
