F(>10MeV)>10 pfu Event list
Each event has 4 line
Julian_Day, Year, DOY, Flux, dFluxdt/Flux Index (1=onset 2=thresthod, 3=maximum 4=end (threshold/5))
2450756.78297 1997 308.28297  5.4134E-02  5.8622E+00  1
2450756.85242 1997 308.35242  1.2234E+01  2.6676E+01  2
2450756.92533 1997 308.42533  6.4586E+01  5.7450E+00  3
2450758.47742 1997 309.97742  1.9887E+00 -3.2313E+00  4
2450759.04339 1997 310.54339  1.0069E+00  1.0413E+00  1
2450759.10242 1997 310.60242  1.0701E+01  2.4985E+01  2
2450759.50520 1997 311.00520  2.9091E+02  1.5453E+01  3
2450762.16492 1997 313.66492  1.9353E+00 -1.3874E+01  4
2450923.95311 1998 110.45311  7.3006E-03  3.8810E+01  1
2450924.15450 1998 110.65450  1.0873E+01  1.9673E+01  2
2450924.92881 1998 111.42881  6.5879E+02  2.8178E+00  3
2450928.89408 1998 115.39408  1.9621E+00 -1.7077E+00  4
2450936.08158 1998 122.58158  5.4220E-02  1.6769E+00  1
2450936.17881 1998 122.67881  1.5170E+01  6.1710E+01  2
2450936.31075 1998 122.81075  2.8648E+01  1.8895E+01  3
2450937.60936 1998 124.10936  4.7001E-01 -4.5075E+01  4
2450939.83853 1998 126.33853  1.0924E-01 -1.3662E+01  1
2450939.86283 1998 126.36283  1.0995E+01  1.5614E+02  2
2450939.89061 1998 126.39061  1.8794E+02  9.7728E+01  3
2450940.84895 1998 127.34895  1.9927E+00 -2.6856E+01  4
2451131.77949 1998 318.27949  8.2554E-02 -2.2601E+01  1
2451131.81421 1998 318.31421  1.2050E+01  1.3371E+02  2
2451132.08504 1998 318.58504  1.4607E+02  4.1641E+00  3
2451132.56768 1998 319.06768  1.9896E+00 -1.2539E+01  4
2451293.10935 1999 114.60935  3.9250E-03  2.3279E+01  1
2451293.35241 1999 114.85241  1.0730E+01  9.5849E+00  2
2451293.56074 1999 115.06074  1.7646E+01  1.5457E+01  3
2451294.16143 1999 115.66143  1.8140E+00 -1.3348E+01  4
2451331.33157 1999 152.83157  2.3683E-02  8.5073E+00  1
2451331.69616 1999 153.19616  1.2709E+01  2.1560E+01  2
2451331.85241 1999 153.35241  4.3563E+01  1.0688E+01  3
2451333.51213 1999 155.01213  1.9887E+00 -1.3051E-01  4
2451333.84893 1999 155.34893  1.2124E+00 -1.3504E+00  1
2451333.90102 1999 155.40102  1.2487E+01  5.0499E+01  2
2451334.05727 1999 155.55727  3.9809E+01  2.2475E+00  3
2451335.71004 1999 157.21004  1.9945E+00 -2.0385E+00  4
2451592.92878 2000  49.42878  4.0336E-01  2.5642E+00  1
2451592.98434 2000  49.48434  1.1774E+01  9.2307E+01  2
2451592.99476 2000  49.49476  1.5576E+01  8.4968E+01  3
2451593.30378 2000  49.80378  1.9459E+00 -2.0814E+00  4
2451639.17531 2000  95.67531  7.3159E-03  4.7924E+01  1
2451639.44614 2000  95.94614  1.0957E+01  1.9374E+01  2
2451639.83851 2000  96.33851  2.3231E+01  5.9510E+00  3
2451640.53989 2000  97.03989  1.8838E+00 -1.4770E+01  4
2451702.81420 2000 159.31420  1.1953E+00  1.0688E+00  1
2451703.15795 2000 159.65795  1.2400E+01  1.3077E+01  2
2451703.85587 2000 160.35587  5.5390E+01  1.7569E+01  3
2451704.97392 2000 161.47392  1.8454E+00 -7.4272E+00  4
2451706.23087 2000 162.73087  1.7191E-01 -3.3570E+00  1
2451706.24823 2000 162.74823  2.4515E+01  1.9680E+02  2
2451706.26906 2000 162.76906  9.9504E+01  1.5918E+02  3
2451707.32462 2000 163.82462  1.9872E+00 -2.4275E+00  4
2451739.92531 2000 196.42531  4.6199E-01 -1.7416E+00  1
2451739.95656 2000 196.45656  1.2887E+01  1.1078E+02  2
2451740.90101 2000 197.40101  5.5049E+03  1.1319E+01  3
2451745.71003 2000 202.21003  1.9647E+00 -7.1305E+00  4
2451748.01906 2000 204.51906  1.1610E+00  5.3179E-01  1
2451748.17184 2000 204.67184  1.0025E+01  7.1214E+00  2
2451748.17184 2000 204.67184  1.0025E+01  7.1214E+00  3
2451748.59545 2000 205.09545  1.9649E+00 -5.7258E+00  4
2451753.72392 2000 210.22392  2.7999E-01 -1.5696E+01  1
2451753.74476 2000 210.24476  1.1557E+01  1.4358E+02  2
2451753.74476 2000 210.24476  1.1557E+01  1.4358E+02  3
2451753.75517 2000 210.25517  1.4509E+00  4.9663E+01  4
2451753.72392 2000 210.22392  2.7999E-01 -1.5696E+01  1
2451753.86628 2000 210.36628  1.1323E+01  2.1345E+01  2
2451753.87323 2000 210.37323  1.7857E+01  3.6066E+01  3
2451754.02253 2000 210.52253  1.8844E+00 -7.7063E+01  4
2451768.05726 2000 224.55726  4.8748E-02 -3.1382E+00  1
2451768.17531 2000 224.67531  2.1839E+01  2.6878E+01  2
2451768.17531 2000 224.67531  2.1839E+01  2.6878E+01  3
2451768.18920 2000 224.68920  8.5165E-01 -3.5817E+01  4
2451800.05726 2000 256.55726  4.1171E-03  2.9320E+01  1
2451800.19962 2000 256.69962  1.0733E+01  4.9992E+01  2
2451800.64753 2000 257.14753  2.6021E+02  1.8637E+01  3
2451803.69614 2000 260.19614  1.9358E+00 -5.8247E+00  4
2451804.40101 2000 260.90101  1.8934E+00 -3.4967E+00  1
2451804.57114 2000 261.07114  1.3422E+01  2.6211E+01  2
2451804.57114 2000 261.07114  1.3422E+01  2.6211E+01  3
2451805.09892 2000 261.59892  1.9767E+00 -2.6556E+00  4
2451857.45656 2000 313.95656  1.0704E-03  7.3711E+00  1
2451857.46351 2000 313.96351  1.3807E+01  2.7827E+02  2
2451858.11628 2000 314.61628  3.5199E+03  2.5628E+00  3
2451862.85239 2000 319.35239  1.9965E+00 -1.6926E+00  4
2451872.77601 2000 329.27601  1.8283E-01  2.9648E+00  1
2451873.10239 2000 329.60239  1.0337E+01  2.1844E+01  2
2451875.14059 2000 331.64059  3.9006E+02  3.3081E+01  3
2451878.18226 2000 334.68226  1.7469E+00 -3.1378E+01  4
2451938.21351 2001  28.71351  3.5565E-02  7.5204E+00  1
2451938.32114 2001  28.82114  1.0598E+01  3.3423E+01  2
2451938.91489 2001  29.41489  3.4633E+01  1.6782E+01  3
2451939.69962 2001  30.19962  1.9513E+00 -1.7218E+00  4
2451997.95309 2001  88.45309  1.4334E-02  1.2959E+01  1
2451998.60239 2001  89.10239  1.0325E+01  1.4897E+01  2
2451999.51559 2001  90.01559  3.0615E+01  7.2155E+00  3
2451999.80726 2001  90.30726  1.9395E+00 -6.9078E+00  4
2452002.49476 2001  92.99476  2.2500E+00 -2.5279E+00  1
2452002.54337 2001  93.04337  1.2248E+01  2.6895E+01  2
2452002.88017 2001  93.38017  7.1766E+02  2.3654E+01  3
2452007.54684 2001  98.04684  1.9643E+00 -8.2406E-01  4
2452009.79684 2001 100.29684  1.9515E+00  2.7069E-01  1
2452009.92184 2001 100.42184  1.0123E+01  1.0781E+01  2
2452011.33851 2001 101.83851  1.9461E+02  5.9106E+00  3
2452013.30378 2001 103.80378  1.9149E+00 -8.5082E+00  4
2452015.08503 2001 105.58503  3.5427E-01  2.0574E+00  1
2452015.10587 2001 105.60587  1.2846E+01  1.4298E+02  2
2452015.39059 2001 105.89059  4.1220E+02  2.0840E-01  3
2452017.58503 2001 108.08503  1.9472E+00 -9.0736E-01  4
2452017.63017 2001 108.13017  1.7921E+00 -3.6806E+00  1
2452017.65795 2001 108.15795  1.6864E+01  6.9637E+01  2
2452017.89753 2001 108.39753  1.9619E+02  3.8705E+01  3
2452020.27601 2001 110.77601  1.9837E+00 -1.5858E+00  4
2452027.61976 2001 118.11976  1.8069E+00 -5.1817E+00  1
2452027.68226 2001 118.18226  1.1908E+01  2.5647E+00  2
2452027.68573 2001 118.18573  1.6137E+01  2.2560E+01  3
2452027.71003 2001 118.21003  1.8368E+00 -5.7978E+01  4
2452037.05726 2001 127.55726  8.5382E-03  2.1660E+01  1
2452037.24128 2001 127.74128  1.0956E+01  8.8201E+00  2
2452037.49823 2001 127.99823  2.1728E+01  2.7391E+00  3
2452038.49128 2001 128.99128  1.7299E+00 -1.2562E+01  4
2452076.17878 2001 166.67878  1.0344E-01 -1.8584E+00  1
2452076.23087 2001 166.73087  1.0421E+01  5.5210E+01  2
2452076.29337 2001 166.79337  2.0434E+01  1.1894E+01  3
2452077.73781 2001 168.23781  1.9940E+00 -2.6359E+00  4
2452131.47738 2001 221.97738  3.7155E-01 -2.3602E-01  1
2452131.93224 2001 222.43224  1.0098E+01  3.5298E+01  2
2452131.96697 2001 222.46697  1.6216E+01  1.6600E+01  3
2452132.28988 2001 222.78988  1.9825E+00 -6.6143E+00  4
2452137.52252 2001 228.02252  5.2502E-02  7.8596E-01  1
2452137.56766 2001 228.06766  1.4660E+01  1.4964E+02  2
2452138.03294 2001 228.53294  2.0549E+02  6.3178E+00  3
2452142.07808 2001 232.57808  1.9999E+00 -1.3346E+00  4
2452176.96697 2001 267.46697  4.3560E-03  5.2022E+01  1
2452177.07460 2001 267.57460  1.4243E+01  3.7335E+01  2
2452178.38710 2001 268.88710  7.8542E+03  7.2650E+00  3
2452190.51558 2001 281.01558  1.9862E+00 -5.4457E+00  4
2452205.21697 2001 295.71697  9.8776E-02  7.8827E-02  1
2452205.30377 2001 295.80377  1.1866E+01  5.2237E+01  2
2452205.30377 2001 295.80377  1.1866E+01  5.2237E+01  3
2452206.47738 2001 296.97738  1.9758E+00 -1.4711E+00  4
2452218.19960 2001 308.69960  8.7553E-03  1.0077E+01  1
2452218.24474 2001 308.74474  1.8584E+01  1.5726E+02  2
2452219.55030 2001 310.05030  6.4860E+03  6.5117E+00  3
2452224.79335 2001 315.29335  1.9794E+00 -1.4233E+00  4
2452232.86627 2001 323.36627  3.8900E+00  1.4390E-01  1
2452233.35933 2001 323.85933  1.6725E+01  2.4849E+01  2
2452233.46349 2001 323.96349  1.7595E+01  9.4499E+00  3
2452234.34197 2001 324.84197  1.9994E+00 -2.9082E+00  4
2452236.38363 2001 326.88363  2.4116E-01  2.5232E+00  1
2452236.53988 2001 327.03988  1.1450E+01  1.5814E+01  2
2452237.73085 2001 328.23085  3.7167E+03  5.5389E-01  3
2452242.19266 2001 332.69266  1.9260E+00 -8.6761E+00  4
2452269.74127 2001 360.24127  2.5890E-02  1.1470E+01  1
2452269.77252 2001 360.27252  1.4369E+01  2.3339E+02  2
2452270.07808 2001 360.57808  3.8695E+02  8.4357E+00  3
2452280.67530 2002   6.17530  1.9759E+00 -1.4844E+00  4
2452285.23433 2002  10.73433  2.1327E+00 -1.2727E+00  1
2452285.37322 2002  10.87322  1.0049E+01  1.3507E+01  2
2452285.55030 2002  11.05030  5.6160E+01  5.0374E-01  3
2452292.06766 2002  17.56766  1.9956E+00 -3.4033E+00  4
